3.930790185928344727e+00, 5.825419902801513672e+00, 3.279999971389770508e+00, 5.809999942779541016e+00, 6.501730680465698242e-01, 6.449932605028152466e-02, 7.000000000000000000e+00, 2.000000000000000000e+00
3.941760301589965820e+00, 5.835649967193603516e+00, 3.279999971389770508e+00, 5.804999828338623047e+00, 6.606814861297607422e-01, 1.278489530086517334e-01, 7.000000000000000000e+00, 2.000000000000000000e+00
3.952907562255859375e+00, 5.845686912536621094e+00, 3.279999971389770508e+00, 5.800000190734863281e+00, 6.715095043182373047e-01, 1.900681406259536743e-01, 7.000000000000000000e+00, 2.000000000000000000e+00
3.964228153228759766e+00, 5.855527877807617188e+00, 3.279999971389770508e+00, 5.795000076293945312e+00, 6.826419234275817871e-01, 2.511791884899139404e-01, 7.000000000000000000e+00, 2.000000000000000000e+00
3.975375413894653320e+00, 5.865564823150634766e+00, 3.279999971389770508e+00, 5.789999961853027344e+00, 6.990350484848022461e-01, 2.544212043285369873e-01, 5.000000000000000000e+00, 2.000000000000000000e+00
3.986345767974853516e+00, 5.875794410705566406e+00, 3.279999971389770508e+00, 5.784999847412109375e+00, 7.107214927673339844e-01, 2.576390206813812256e-01, 5.000000000000000000e+00, 2.000000000000000000e+00
3.997135877609252930e+00, 5.886214733123779297e+00, 3.279999971389770508e+00, 5.780000209808349609e+00, 7.226686477661132812e-01, 2.598430812358856201e-01, 5.000000000000000000e+00, 2.000000000000000000e+00
4.007742404937744141e+00, 5.896821022033691406e+00, 3.279999971389770508e+00, 5.775000095367431641e+00, 7.348639369010925293e-01, 2.610620260238647461e-01, 5.000000000000000000e+00, 2.000000000000000000e+00
4.018162250518798828e+00, 5.907611370086669922e+00, 3.279999971389770508e+00, 5.769999980926513672e+00, 7.472951412200927734e-01, 2.613252997398376465e-01, 5.000000000000000000e+00, 2.000000000000000000e+00
4.028392314910888672e+00, 5.918581485748291016e+00, 3.279999971389770508e+00, 5.764999866485595703e+00, 7.599506378173828125e-01, 2.606628537178039551e-01, 5.000000000000000000e+00, 2.000000000000000000e+00
4.038429260253906250e+00, 5.929728507995605469e+00, 3.279999971389770508e+00, 5.760000228881835938e+00, 7.728195190429687500e-01, 2.591047286987304688e-01, 5.000000000000000000e+00, 2.000000000000000000e+00
4.048270225524902344e+00, 5.941049098968505859e+00, 3.279999971389770508e+00, 5.755000114440917969e+00, 7.870514392852783203e-01, 2.665232419967651367e-01, 5.000000000000000000e+00, 2.000000000000000000e+00
4.057911872863769531e+00, 5.952539920806884766e+00, 3.279999971389770508e+00, 5.750000000000000000e+00, 8.003905415534973145e-01, 2.630637288093566895e-01, 5.000000000000000000e+00, 2.000000000000000000e+00
4.067351818084716797e+00, 5.964197158813476562e+00, 3.279999971389770508e+00, 5.744999885559082031e+00, 8.139103055000305176e-01, 2.588016688823699951e-01, 5.000000000000000000e+00, 2.000000000000000000e+00
4.076586723327636719e+00, 5.976017475128173828e+00, 3.279999971389770508e+00, 5.739999771118164062e+00, 8.290054202079772949e-01, 2.629874050617218018e-01, 5.000000000000000000e+00, 2.000000000000000000e+00
4.085613727569580078e+00, 5.987997055053710938e+00, 3.279999971389770508e+00, 5.735000133514404297e+00, 8.429264426231384277e-01, 2.570181190967559814e-01, 5.000000000000000000e+00, 2.000000000000000000e+00
4.094430446624755859e+00, 6.000132083892822266e+00, 3.279999971389770508e+00, 5.730000019073486328e+00, 8.538149595260620117e-01, 2.620819211006164551e-01, 5.000000000000000000e+00, 2.000000000000000000e+00
4.103034496307373047e+00, 6.012419223785400391e+00, 3.279999971389770508e+00, 5.724999904632568359e+00, 8.681157827377319336e-01, 2.545960247516632080e-01, 5.000000000000000000e+00, 2.000000000000000000e+00
4.111422061920166016e+00, 6.024855136871337891e+00, 3.279999971389770508e+00, 5.719999790191650391e+00, 8.825531005859375000e-01, 2.464493215084075928e-01, 5.000000000000000000e+00, 2.000000000000000000e+00
4.119810104370117188e+00, 6.037290573120117188e+00, 3.279999971389770508e+00, 5.715000152587890625e+00, 8.942175507545471191e-01, 2.769030034542083740e-01, 6.000000000000000000e+00, 2.000000000000000000e+00
4.127979755401611328e+00, 6.049870491027832031e+00, 3.279999971389770508e+00, 5.710000038146972656e+00, 9.089829325675964355e-01, 2.673843204975128174e-01, 5.000000000000000000e+00, 2.000000000000000000e+00
4.135928630828857422e+00, 6.062591552734375000e+00, 3.279999971389770508e+00, 5.704999923706054688e+00, 9.257699251174926758e-01, 2.652348279953002930e-01, 5.000000000000000000e+00, 2.000000000000000000e+00
4.143653869628906250e+00, 6.075448989868164062e+00, 3.279999971389770508e+00, 5.699999809265136719e+00, 9.382030963897705078e-01, 2.655400335788726807e-01, 5.000000000000000000e+00, 2.000000000000000000e+00
4.151154041290283203e+00, 6.088438987731933594e+00, 3.279999971389770508e+00, 5.695000171661376953e+00, 9.534149169921875000e-01, 2.540428340435028076e-01, 5.000000000000000000e+00, 2.000000000000000000e+00
4.147019386291503906e+00, 6.102858066558837891e+00, 3.279999971389770508e+00, 5.690000057220458984e+00, 9.572486877441406250e-01, 2.600114047527313232e-01, -4.000000000000000000e+00, 2.000000000000000000e+00
4.133775234222412109e+00, 6.109899997711181641e+00, 3.279999971389770508e+00, 5.684999942779541016e+00, 9.481033682823181152e-01, 2.581886053085327148e-01, -1.300000000000000000e+01, 2.000000000000000000e+00
4.129139900207519531e+00, 6.124166011810302734e+00, 3.279999971389770508e+00, 5.679999828338623047e+00, 9.526935219764709473e-01, 2.640679478645324707e-01, -4.000000000000000000e+00, 2.000000000000000000e+00
4.115658283233642578e+00, 6.130741596221923828e+00, 3.279999971389770508e+00, 5.675000190734863281e+00, 9.509205818176269531e-01, 2.662893235683441162e-01, -1.300000000000000000e+01, 2.000000000000000000e+00
4.110527992248535156e+00, 6.144836902618408203e+00, 3.279999971389770508e+00, 5.670000076293945312e+00, 9.538343548774719238e-01, 2.644822597503662109e-01, -4.000000000000000000e+00, 2.000000000000000000e+00
4.105152130126953125e+00, 6.158840656280517578e+00, 3.279999971389770508e+00, 5.664999961853027344e+00, 9.595441818237304688e-01, 2.696595788002014160e-01, -4.000000000000000000e+00, 2.000000000000000000e+00
4.091344833374023438e+00, 6.164701461791992188e+00, 3.279999971389770508e+00, 5.659999847412109375e+00, 9.518928527832031250e-01, 2.690657675266265869e-01, -1.300000000000000000e+01, 2.000000000000000000e+00
4.085483551025390625e+00, 6.178509235382080078e+00, 3.279999971389770508e+00, 5.655000209808349609e+00, 9.583449363708496094e-01, 2.739153802394866943e-01, -4.000000000000000000e+00, 2.000000000000000000e+00
4.071479797363281250e+00, 6.183884620666503906e+00, 3.279999971389770508e+00, 5.650000095367431641e+00, 9.513148665428161621e-01, 2.738086283206939697e-01, -1.300000000000000000e+01, 2.000000000000000000e+00
4.065140724182128906e+00, 6.197479248046875000e+00, 3.279999971389770508e+00, 5.644999980926513672e+00, 9.585014581680297852e-01, 2.782362699508666992e-01, -4.000000000000000000e+00, 2.000000000000000000e+00
4.050958156585693359e+00, 6.202363014221191406e+00, 3.279999971389770508e+00, 5.639999866485595703e+00, 9.521029591560363770e-01, 2.785381376743316650e-01, -1.300000000000000000e+01, 2.000000000000000000e+00
4.044147968292236328e+00, 6.215727806091308594e+00, 3.279999971389770508e+00, 5.635000228881835938e+00, 9.560334682464599609e-01, 2.874819040298461914e-01, -4.000000000000000000e+00, 2.000000000000000000e+00
4.029803752899169922e+00, 6.220113754272460938e+00, 3.279999971389770508e+00, 5.630000114440917969e+00, 9.503288865089416504e-01, 2.882592678070068359e-01, -1.300000000000000000e+01, 2.000000000000000000e+00
4.022531509399414062e+00, 6.233232975006103516e+00, 3.279999971389770508e+00, 5.625000000000000000e+00, 9.558373093605041504e-01, 2.852310836315155029e-01, -4.000000000000000000e+00, 2.000000000000000000e+00
4.008042335510253906e+00, 6.237115383148193359e+00, 3.279999971389770508e+00, 5.619999885559082031e+00, 9.507102370262145996e-01, 2.863093614578247070e-01, -1.300000000000000000e+01, 2.000000000000000000e+00
4.000317096710205078e+00, 6.249972820281982422e+00, 3.279999971389770508e+00, 5.614999771118164062e+00, 9.567131400108337402e-01, 2.829423546791076660e-01, -4.000000000000000000e+00, 2.000000000000000000e+00
3.985701322555541992e+00, 6.253346920013427734e+00, 3.279999971389770508e+00, 5.610000133514404297e+00, 9.521685838699340820e-01, 2.842558920383453369e-01, -1.300000000000000000e+01, 2.000000000000000000e+00
3.977531671524047852e+00, 6.265926837921142578e+00, 3.279999971389770508e+00, 5.605000019073486328e+00, 9.584492444992065430e-01, 2.922323346138000488e-01, -4.000000000000000000e+00, 2.000000000000000000e+00
3.962807416915893555e+00, 6.268789291381835938e+00, 3.279999971389770508e+00, 5.599999904632568359e+00, 9.511177539825439453e-01, 2.878066599369049072e-01, -1.300000000000000000e+01, 2.000000000000000000e+00
3.954203844070434570e+00, 6.281076431274414062e+00, 3.279999971389770508e+00, 5.594999790191650391e+00, 9.581884145736694336e-01, 2.953956723213195801e-01, -4.000000000000000000e+00, 2.000000000000000000e+00
3.939388513565063477e+00, 6.283422946929931641e+00, 3.279999971389770508e+00, 5.590000152587890625e+00, 9.513805508613586426e-01, 2.914064526557922363e-01, -1.300000000000000000e+01, 2.000000000000000000e+00
3.930361270904541016e+00, 6.295402526855468750e+00, 3.279999971389770508e+00, 5.585000038146972656e+00, 9.626006484031677246e-01, 2.923921346664428711e-01, -4.000000000000000000e+00, 2.000000000000000000e+00
3.915472984313964844e+00, 6.297230720520019531e+00, 3.279999971389770508e+00, 5.579999923706054688e+00, 9.562687873840332031e-01, 2.886483073234558105e-01, -1.300000000000000000e+01, 2.000000000000000000e+00
3.900555133819580078e+00, 6.298798561096191406e+00, 3.279999971389770508e+00, 5.574999809265136719e+00, 9.501578807830810547e-01, 2.852192521095275879e-01, -1.300000000000000000e+01, 2.000000000000000000e+00
3.890913248062133789e+00, 6.310288906097412109e+00, 3.279999971389770508e+00, 5.570000171661376953e+00, 9.590098857879638672e-01, 2.916781008243560791e-01, -4.000000000000000000e+00, 2.000000000000000000e+00
3.875949859619140625e+00, 6.311335563659667969e+00, 3.279999971389770508e+00, 5.565000057220458984e+00, 9.534411430358886719e-01, 2.885310351848602295e-01, -1.300000000000000000e+01, 2.000000000000000000e+00
3.865912914276123047e+00, 6.322482585906982422e+00, 3.279999971389770508e+00, 5.559999942779541016e+00, 9.590750932693481445e-01, 2.892554402351379395e-01, -4.000000000000000000e+00, 2.000000000000000000e+00
3.850922107696533203e+00, 6.323006153106689453e+00, 3.279999971389770508e+00, 5.554999828338623047e+00, 9.540047049522399902e-01, 2.863965928554534912e-01, -1.300000000000000000e+01, 2.000000000000000000e+00
3.840502262115478516e+00, 6.333796024322509766e+00, 3.279999971389770508e+00, 5.550000190734863281e+00, 9.602082967758178711e-01, 2.867664396762847900e-01, -4.000000000000000000e+00, 2.000000000000000000e+00
3.825502157211303711e+00, 6.333796024322509766e+00, 3.279999971389770508e+00, 5.545000076293945312e+00, 9.556411504745483398e-01, 2.841391265392303467e-01, -1.300000000000000000e+01, 2.000000000000000000e+00
3.810504436492919922e+00, 6.333534240722656250e+00, 3.279999971389770508e+00, 5.539999961853027344e+00, 9.513148665428161621e-01, 2.817469537258148193e-01, -1.300000000000000000e+01, 2.000000000000000000e+00
3.799534082412719727e+00, 6.343764305114746094e+00, 3.279999971389770508e+00, 5.534999847412109375e+00, 9.556411504745483398e-01, 2.886348962783813477e-01, -4.000000000000000000e+00, 2.000000000000000000e+00
3.784554719924926758e+00, 6.342979431152343750e+00, 3.279999971389770508e+00, 5.530000209808349609e+00, 9.518928527832031250e-01, 2.864897847175598145e-01, -1.300000000000000000e+01, 2.000000000000000000e+00
3.773234128952026367e+00, 6.352820396423339844e+00, 3.279999971389770508e+00, 5.525000095367431641e+00, 9.595441818237304688e-01, 2.858959734439849854e-01, -4.000000000000000000e+00, 2.000000000000000000e+00
3.758291244506835938e+00, 6.351512908935546875e+00, 3.279999971389770508e+00, 5.519999980926513672e+00, 9.563080072402954102e-01, 2.838322818279266357e-01, -1.300000000000000000e+01, 2.000000000000000000e+00
3.743373394012451172e+00, 6.349945068359375000e+00, 3.279999971389770508e+00, 5.514999866485595703e+00, 9.489467740058898926e-01, 2.778900265693664551e-01, -1.300000000000000000e+01, 2.000000000000000000e+00
3.731553077697753906e+00, 6.359179973602294922e+00, 3.279999971389770508e+00, 5.510000228881835938e+00, 9.573531150817871094e-01, 2.767421603202819824e-01, -4.000000000000000000e+00, 2.000000000000000000e+00
3.716699123382568359e+00, 6.357092380523681641e+00, 3.279999971389770508e+00, 5.505000114440917969e+00, 9.548429250717163086e-01, 2.749510109424591064e-01, -1.300000000000000000e+01, 2.000000000000000000e+00
3.704563856124877930e+00, 6.365909099578857422e+00, 3.279999971389770508e+00, 5.500000000000000000e+00, 9.615742564201354980e-01, 2.805874645709991455e-01, -4.000000000000000000e+00, 2.000000000000000000e+00
3.689791679382324219e+00, 6.363304138183593750e+00, 3.279999971389770508e+00, 5.494999885559082031e+00, 9.551178216934204102e-01, 2.752951681613922119e-01, -1.300000000000000000e+01, 2.000000000000000000e+00
3.675067424774169922e+00, 6.360442161560058594e+00, 3.279999971389770508e+00, 5.489999771118164062e+00, 9.554710984230041504e-01, 2.661349773406982422e-01, -1.300000000000000000e+01, 2.000000000000000000e+00
3.662487268447875977e+00, 6.368611812591552734e+00, 3.279999971389770508e+00, 5.485000133514404297e+00, 9.585405588150024414e-01, 2.679009735584259033e-01, -4.000000000000000000e+00, 2.000000000000000000e+00
3.647871732711791992e+00, 6.365237712860107422e+00, 3.279999971389770508e+00, 5.480000019073486328e+00, 9.573139548301696777e-01, 2.663141787052154541e-01, -1.300000000000000000e+01, 2.000000000000000000e+00
3.633317232131958008e+00, 6.361608505249023438e+00, 3.279999971389770508e+00, 5.474999904632568359e+00, 9.516958594322204590e-01, 2.617273032665252686e-01, -1.300000000000000000e+01, 2.000000000000000000e+00
3.620326995849609375e+00, 6.369108676910400391e+00, 3.279999971389770508e+00, 5.469999790191650391e+00, 9.574053287506103516e-01, 2.555223107337951660e-01, -4.000000000000000000e+00, 2.000000000000000000e+00
3.605907917022705078e+00, 6.364974021911621094e+00, 3.279999971389770508e+00, 5.465000152587890625e+00, 9.521816968917846680e-01, 2.511832714080810547e-01, -1.300000000000000000e+01, 2.000000000000000000e+00
3.592788696289062500e+00, 6.372246265411376953e+00, 3.279999971389770508e+00, 5.460000038146972656e+00, 9.613532423973083496e-01, 2.830030620098114014e-01, -3.000000000000000000e+00, 2.000000000000000000e+00
3.578444242477416992e+00, 6.367860794067382812e+00, 3.279999971389770508e+00, 5.454999923706054688e+00, 9.566216468811035156e-01, 2.788488566875457764e-01, -1.300000000000000000e+01, 2.000000000000000000e+00
3.564178228378295898e+00, 6.363225460052490234e+00, 3.279999971389770508e+00, 5.449999809265136719e+00, 9.521029591560363770e-01, 2.749241888523101807e-01, -1.300000000000000000e+01, 2.000000000000000000e+00
3.550696372985839844e+00, 6.369801044464111328e+00, 3.279999971389770508e+00, 5.445000171661376953e+00, 9.588013291358947754e-01, 2.678939700126647949e-01, -4.000000000000000000e+00, 2.000000000000000000e+00
3.536601066589355469e+00, 6.364670753479003906e+00, 3.279999971389770508e+00, 5.440000057220458984e+00, 9.546858072280883789e-01, 2.641115188598632812e-01, -1.300000000000000000e+01, 2.000000000000000000e+00
3.522597312927246094e+00, 6.359295368194580078e+00, 3.279999971389770508e+00, 5.434999942779541016e+00, 9.507891535758972168e-01, 2.605312764644622803e-01, -1.300000000000000000e+01, 2.000000000000000000e+00
3.508789777755737305e+00, 6.365156173706054688e+00, 3.279999971389770508e+00, 5.429999828338623047e+00, 9.616912007331848145e-01, 2.630418539047241211e-01, -4.000000000000000000e+00, 2.000000000000000000e+00
3.494982242584228516e+00, 6.359295368194580078e+00, 3.279999971389770508e+00, 5.425000190734863281e+00, 9.534149169921875000e-01, 2.576567828655242920e-01, -1.300000000000000000e+01, 2.000000000000000000e+00
3.481278896331787109e+00, 6.353194236755371094e+00, 3.279999971389770508e+00, 5.420000076293945312e+00, 9.512622952461242676e-01, 2.461993247270584106e-01, -1.300000000000000000e+01, 2.000000000000000000e+00
3.467275381088256836e+00, 6.358569622039794922e+00, 3.279999971389770508e+00, 5.414999961853027344e+00, 9.580318331718444824e-01, 2.740555703639984131e-01, -3.000000000000000000e+00, 2.000000000000000000e+00
3.453680753707885742e+00, 6.352230548858642578e+00, 3.279999971389770508e+00, 5.409999847412109375e+00, 9.552486538887023926e-01, 2.708000242710113525e-01, -1.300000000000000000e+01, 2.000000000000000000e+00
3.440198659896850586e+00, 6.345654964447021484e+00, 3.279999971389770508e+00, 5.405000209808349609e+00, 9.535198211669921875e-01, 2.594474256038665771e-01, -1.300000000000000000e+01, 2.000000000000000000e+00
3.425932884216308594e+00, 6.350290298461914062e+00, 3.279999971389770508e+00, 5.400000095367431641e+00, 9.610020518302917480e-01, 2.589397430419921875e-01, -4.000000000000000000e+00, 2.000000000000000000e+00
3.412688732147216797e+00, 6.343247890472412109e+00, 3.279999971389770508e+00, 5.394999980926513672e+00, 9.538998603820800781e-01, 2.546445727348327637e-01, -1.300000000000000000e+01, 2.000000000000000000e+00
3.398344039916992188e+00, 6.347633838653564453e+00, 3.279999971389770508e+00, 5.389999866485595703e+00, 9.618991613388061523e-01, 2.814880609512329102e-01, -3.000000000000000000e+00, 2.000000000000000000e+00
3.385224819183349609e+00, 6.340361595153808594e+00, 3.279999971389770508e+00, 5.385000228881835938e+00, 9.607549309730529785e-01, 2.701573669910430908e-01, -1.300000000000000000e+01, 2.000000000000000000e+00
3.372234344482421875e+00, 6.332861423492431641e+00, 3.279999971389770508e+00, 5.380000114440917969e+00, 9.542536139488220215e-01, 2.663369774818420410e-01, -1.300000000000000000e+01, 2.000000000000000000e+00
3.357680082321166992e+00, 6.336490154266357422e+00, 3.279999971389770508e+00, 5.375000000000000000e+00, 9.629252552986145020e-01, 2.648011445999145508e-01, -4.000000000000000000e+00, 2.000000000000000000e+00
3.344959259033203125e+00, 6.328541278839111328e+00, 3.279999971389770508e+00, 5.369999885559082031e+00, 9.568829536437988281e-01, 2.612497210502624512e-01, -1.300000000000000000e+01, 2.000000000000000000e+00
3.332379102706909180e+00, 6.320372104644775391e+00, 3.279999971389770508e+00, 5.364999771118164062e+00, 9.563080072402954102e-01, 2.500821650028228760e-01, -1.300000000000000000e+01, 2.000000000000000000e+00
3.317707061767578125e+00, 6.323490619659423828e+00, 3.279999971389770508e+00, 5.360000133514404297e+00, 9.606378078460693359e-01, 2.753337919712066650e-01, -3.000000000000000000e+00, 2.000000000000000000e+00
3.305271387100219727e+00, 6.315102577209472656e+00, 3.279999971389770508e+00, 5.355000019073486328e+00, 9.603254795074462891e-01, 2.641183137893676758e-01, -1.300000000000000000e+01, 2.000000000000000000e+00
3.292984247207641602e+00, 6.306499004364013672e+00, 3.279999971389770508e+00, 5.349999904632568359e+00, 9.550523757934570312e-01, 2.611129581928253174e-01, -1.300000000000000000e+01, 2.000000000000000000e+00
3.278168916702270508e+00, 6.308845520019531250e+00, 3.279999971389770508e+00, 5.344999790191650391e+00, 9.600130319595336914e-01, 2.582892477512359619e-01, -4.000000000000000000e+00, 2.000000000000000000e+00
3.266189336776733398e+00, 6.299818515777587891e+00, 3.279999971389770508e+00, 5.340000152587890625e+00, 9.551178216934204102e-01, 2.472183257341384888e-01, -1.300000000000000000e+01, 2.000000000000000000e+00
3.254209756851196289e+00, 6.290791034698486328e+00, 3.279999971389770508e+00, 5.335000038146972656e+00, 9.554710984230041504e-01, 2.722021043300628662e-01, -1.200000000000000000e+01, 2.000000000000000000e+00
3.239321470260620117e+00, 6.292619228363037109e+00, 3.279999971389770508e+00, 5.329999923706054688e+00, 9.610540866851806641e-01, 2.689937651157379150e-01, -4.000000000000000000e+00, 2.000000000000000000e+00
3.227664470672607422e+00, 6.283179283142089844e+00, 3.279999971389770508e+00, 5.324999809265136719e+00, 9.565824866294860840e-01, 2.582254409790039062e-01, -1.300000000000000000e+01, 2.000000000000000000e+00
3.216173648834228516e+00, 6.273537635803222656e+00, 3.279999971389770508e+00, 5.320000171661376953e+00, 9.522210955619812012e-01, 2.476149201393127441e-01, -1.300000000000000000e+01, 2.000000000000000000e+00
3.201230764389038086e+00, 6.274844646453857422e+00, 3.279999971389770508e+00, 5.315000057220458984e+00, 9.583449363708496094e-01, 2.719018459320068359e-01, -3.000000000000000000e+00, 2.000000000000000000e+00
3.189910173416137695e+00, 6.265004158020019531e+00, 3.279999971389770508e+00, 5.309999942779541016e+00, 9.597135186195373535e-01, 2.689136266708374023e-01, -1.300000000000000000e+01, 2.000000000000000000e+00
3.178762912750244141e+00, 6.254967212677001953e+00, 3.279999971389770508e+00, 5.304999828338623047e+00, 9.508154392242431641e-01, 2.594497799873352051e-01, -1.300000000000000000e+01, 2.000000000000000000e+00
3.163783550262451172e+00, 6.255752086639404297e+00, 3.279999971389770508e+00, 5.300000190734863281e+00, 9.625097513198852539e-01, 2.822759449481964111e-01, -3.000000000000000000e+00, 2.000000000000000000e+00
3.152813196182250977e+00, 6.245522022247314453e+00, 3.279999971389770508e+00, 5.295000076293945312e+00, 9.588534832000732422e-01, 2.720021605491638184e-01, -1.300000000000000000e+01, 2.000000000000000000e+00
3.142023086547851562e+00, 6.235102176666259766e+00, 3.279999971389770508e+00, 5.289999961853027344e+00, 9.553140997886657715e-01, 2.618602514266967773e-01, -1.300000000000000000e+01, 2.000000000000000000e+00
3.127023220062255859e+00, 6.235102176666259766e+00, 3.279999971389770508e+00, 5.284999847412109375e+00, 9.625616669654846191e-01, 2.574057579040527344e-01, -4.000000000000000000e+00, 2.000000000000000000e+00
3.116603374481201172e+00, 6.224312305450439453e+00, 3.279999971389770508e+00, 5.280000209808349609e+00, 9.543715119361877441e-01, 2.487726062536239624e-01, -1.300000000000000000e+01, 2.000000000000000000e+00
3.106183290481567383e+00, 6.213521957397460938e+00, 3.279999971389770508e+00, 5.275000095367431641e+00, 9.512360095977783203e-01, 2.666987478733062744e-01, -1.200000000000000000e+01, 2.000000000000000000e+00
3.091192483901977539e+00, 6.212998390197753906e+00, 3.279999971389770508e+00, 5.269999980926513672e+00, 9.590098857879638672e-01, 2.618639469146728516e-01, -4.000000000000000000e+00, 2.000000000000000000e+00
3.081155538558959961e+00, 6.201851367950439453e+00, 3.279999971389770508e+00, 5.264999866485595703e+00, 9.561511278152465820e-01, 2.520508468151092529e-01, -1.300000000000000000e+01, 2.000000000000000000e+00
3.066192150115966797e+00, 6.200805187225341797e+00, 3.279999971389770508e+00, 5.260000228881835938e+00, 9.642743468284606934e-01, 2.467576861381530762e-01, -4.000000000000000000e+00, 2.000000000000000000e+00
3.056351184844970703e+00, 6.189484596252441406e+00, 3.279999971389770508e+00, 5.255000114440917969e+00, 9.568306803703308105e-01, 2.666817307472229004e-01, -1.200000000000000000e+01, 2.000000000000000000e+00
3.046709299087524414e+00, 6.177993774414062500e+00, 3.279999971389770508e+00, 5.250000000000000000e+00, 9.543846249580383301e-01, 2.570736408233642578e-01, -1.300000000000000000e+01, 2.000000000000000000e+00
3.031766414642333984e+00, 6.176686286926269531e+00, 3.279999971389770508e+00, 5.244999885559082031e+00, 9.630160927772521973e-01, 2.790664434432983398e-01, -3.000000000000000000e+00, 2.000000000000000000e+00
3.022326707839965820e+00, 6.165029048919677734e+00, 3.279999971389770508e+00, 5.239999771118164062e+00, 9.608460068702697754e-01, 2.694352269172668457e-01, -1.300000000000000000e+01, 2.000000000000000000e+00
3.013091802597045898e+00, 6.153209209442138672e+00, 3.279999971389770508e+00, 5.235000133514404297e+00, 9.540047049522399902e-01, 2.622327506542205811e-01, -1.300000000000000000e+01, 2.000000000000000000e+00
2.998237848281860352e+00, 6.151121616363525391e+00, 3.279999971389770508e+00, 5.230000019073486328e+00, 9.631329178810119629e-01, 2.558908760547637939e-01, -4.000000000000000000e+00, 2.000000000000000000e+00
2.989420890808105469e+00, 6.138986110687255859e+00, 3.279999971389770508e+00, 5.224999904632568359e+00, 9.566216468811035156e-01, 2.489289045333862305e-01, -1.300000000000000000e+01, 2.000000000000000000e+00
2.980604171752929688e+00, 6.126851081848144531e+00, 3.279999971389770508e+00, 5.219999790191650391e+00, 9.534280300140380859e-01, 2.594425380229949951e-01, -1.200000000000000000e+01, 2.000000000000000000e+00
2.965831995010375977e+00, 6.124246120452880859e+00, 3.279999971389770508e+00, 5.215000152587890625e+00, 9.582536220550537109e-01, 2.553134560585021973e-01, -4.000000000000000000e+00, 2.000000000000000000e+00
2.957444190979003906e+00, 6.111810684204101562e+00, 3.279999971389770508e+00, 5.210000038146972656e+00, 9.568829536437988281e-01, 2.459781765937805176e-01, -1.300000000000000000e+01, 2.000000000000000000e+00
2.942771911621093750e+00, 6.108692169189453125e+00, 3.279999971389770508e+00, 5.204999923706054688e+00, 9.620810747146606445e-01, 2.415402978658676147e-01, -4.000000000000000000e+00, 2.000000000000000000e+00
2.934602260589599609e+00, 6.096111774444580078e+00, 3.279999971389770508e+00, 5.199999809265136719e+00, 9.610020518302917480e-01, 2.599597871303558350e-01, -1.200000000000000000e+01, 2.000000000000000000e+00
2.926653623580932617e+00, 6.083391189575195312e+00, 3.279999971389770508e+00, 5.195000171661376953e+00, 9.535459876060485840e-01, 2.460333108901977539e-01, -1.300000000000000000e+01, 2.000000000000000000e+00
2.912038087844848633e+00, 6.080017089843750000e+00, 3.279999971389770508e+00, 5.190000057220458984e+00, 9.638464450836181641e-01, 2.659482657909393311e-01, -3.000000000000000000e+00, 2.000000000000000000e+00
2.904312372207641602e+00, 6.067159175872802734e+00, 3.279999971389770508e+00, 5.184999942779541016e+00, 9.585405588150024414e-01, 2.598767876625061035e-01, -1.300000000000000000e+01, 2.000000000000000000e+00
2.896812438964843750e+00, 6.054169178009033203e+00, 3.279999971389770508e+00, 5.179999828338623047e+00, 9.513805508613586426e-01, 2.464101910591125488e-01, -1.300000000000000000e+01, 2.000000000000000000e+00
2.882323503494262695e+00, 6.050286769866943359e+00, 3.279999971389770508e+00, 5.175000190734863281e+00, 9.620940685272216797e-01, 2.657547593116760254e-01, -3.000000000000000000e+00, 2.000000000000000000e+00
2.875051498413085938e+00, 6.037167549133300781e+00, 3.279999971389770508e+00, 5.170000076293945312e+00, 9.551178216934204102e-01, 2.524825930595397949e-01, -1.300000000000000000e+01, 2.000000000000000000e+00
2.860632419586181641e+00, 6.033032894134521484e+00, 3.279999971389770508e+00, 5.164999961853027344e+00, 9.615742564201354980e-01, 2.749680876731872559e-01, -3.000000000000000000e+00, 2.000000000000000000e+00
2.853590488433837891e+00, 6.019788742065429688e+00, 3.279999971389770508e+00, 5.159999847412109375e+00, 9.570397138595581055e-01, 2.694144248962402344e-01, -1.300000000000000000e+01, 2.000000000000000000e+00
2.846780538558959961e+00, 6.006423473358154297e+00, 3.279999971389770508e+00, 5.155000209808349609e+00, 9.548429250717163086e-01, 2.528267800807952881e-01, -1.300000000000000000e+01, 2.000000000000000000e+00
2.832514762878417969e+00, 6.001788139343261719e+00, 3.279999971389770508e+00, 5.150000095367431641e+00, 9.617692232131958008e-01, 2.749241888523101807e-01, -3.000000000000000000e+00, 2.000000000000000000e+00
2.825939178466796875e+00, 5.988306522369384766e+00, 3.279999971389770508e+00, 5.144999980926513672e+00, 9.553140997886657715e-01, 2.623035609722137451e-01, -1.300000000000000000e+01, 2.000000000000000000e+00
2.811843872070312500e+00, 5.983176231384277344e+00, 3.279999971389770508e+00, 5.139999866485595703e+00, 9.625486731529235840e-01, 2.563347816467285156e-01, -4.000000000000000000e+00, 2.000000000000000000e+00
2.805742740631103516e+00, 5.969472885131835938e+00, 3.279999971389770508e+00, 5.135000228881835938e+00, 9.563080072402954102e-01, 2.439455091953277588e-01, -1.300000000000000000e+01, 2.000000000000000000e+00
2.799641609191894531e+00, 5.955769538879394531e+00, 3.279999971389770508e+00, 5.130000114440917969e+00, 9.570004940032958984e-01, 2.625102102756500244e-01, -1.200000000000000000e+01, 2.000000000000000000e+00
2.785733938217163086e+00, 5.950150489807128906e+00, 3.279999971389770508e+00, 5.125000000000000000e+00, 9.621070623397827148e-01, 2.489932328462600708e-01, -4.000000000000000000e+00, 2.000000000000000000e+00
2.779872894287109375e+00, 5.936343193054199219e+00, 3.279999971389770508e+00, 5.119999885559082031e+00, 9.587752819061279297e-01, 2.717687785625457764e-01, -1.200000000000000000e+01, 2.000000000000000000e+00
2.766065359115600586e+00, 5.930481910705566406e+00, 3.279999971389770508e+00, 5.114999771118164062e+00, 9.640798568725585938e-01, 2.580240964889526367e-01, -4.000000000000000000e+00, 2.000000000000000000e+00
2.760689735412597656e+00, 5.916478157043457031e+00, 3.279999971389770508e+00, 5.110000133514404297e+00, 9.583449363708496094e-01, 2.461376041173934937e-01, -1.300000000000000000e+01, 2.000000000000000000e+00
2.755314350128173828e+00, 5.902474880218505859e+00, 3.279999971389770508e+00, 5.105000019073486328e+00, 9.527066946029663086e-01, 2.622185945510864258e-01, -1.200000000000000000e+01, 2.000000000000000000e+00
2.741719722747802734e+00, 5.896135330200195312e+00, 3.279999971389770508e+00, 5.099999904632568359e+00, 9.610540866851806641e-01, 2.551700770854949951e-01, -4.000000000000000000e+00, 2.000000000000000000e+00
2.736836194992065430e+00, 5.881952762603759766e+00, 3.279999971389770508e+00, 5.094999790191650391e+00, 9.556411504745483398e-01, 2.436386644840240479e-01, -1.300000000000000000e+01, 2.000000000000000000e+00
2.723354339599609375e+00, 5.875377178192138672e+00, 3.279999971389770508e+00, 5.090000152587890625e+00, 9.642743468284606934e-01, 2.639761567115783691e-01, -3.000000000000000000e+00, 2.000000000000000000e+00
2.718719005584716797e+00, 5.861111164093017578e+00, 3.279999971389770508e+00, 5.085000038146972656e+00, 9.590880870819091797e-01, 2.525904476642608643e-01, -1.300000000000000000e+01, 2.000000000000000000e+00
2.705474853515625000e+00, 5.854069232940673828e+00, 3.279999971389770508e+00, 5.079999923706054688e+00, 9.610020518302917480e-01, 2.430737763643264771e-01, -4.000000000000000000e+00, 2.000000000000000000e+00
2.701089143753051758e+00, 5.839724540710449219e+00, 3.279999971389770508e+00, 5.074999809265136719e+00, 9.560334682464599609e-01, 2.597041428089141846e-01, -1.200000000000000000e+01, 2.000000000000000000e+00
2.696954727172851562e+00, 5.825305461883544922e+00, 3.279999971389770508e+00, 5.070000171661376953e+00, 9.551178216934204102e-01, 2.436043769121170044e-01, -1.300000000000000000e+01, 2.000000000000000000e+00
2.683835268020629883e+00, 5.818033695220947266e+00, 3.279999971389770508e+00, 5.065000057220458984e+00, 9.604686498641967773e-01, 2.683280110359191895e-01, -3.000000000000000000e+00, 2.000000000000000000e+00
2.679953098297119141e+00, 5.803544521331787109e+00, 3.279999971389770508e+00, 5.059999942779541016e+00, 9.558373093605041504e-01, 2.574532926082611084e-01, -1.300000000000000000e+01, 2.000000000000000000e+00
2.666962623596191406e+00, 5.796044826507568359e+00, 3.279999971389770508e+00, 5.054999828338623047e+00, 9.621980190277099609e-01, 2.702591419219970703e-01, -3.000000000000000000e+00, 2.000000000000000000e+00
2.663333892822265625e+00, 5.781490325927734375e+00, 3.279999971389770508e+00, 5.050000190734863281e+00, 9.577577710151672363e-01, 2.594929337501525879e-01, -1.300000000000000000e+01, 2.000000000000000000e+00
2.650613069534301758e+00, 5.773541450500488281e+00, 3.279999971389770508e+00, 5.045000076293945312e+00, 9.604816436767578125e-01, 2.497087568044662476e-01, -4.000000000000000000e+00, 2.000000000000000000e+00
2.647238969802856445e+00, 5.758925914764404297e+00, 3.279999971389770508e+00, 5.039999961853027344e+00, 9.562687873840332031e-01, 2.669072449207305908e-01, -1.200000000000000000e+01, 2.000000000000000000e+00
2.634658813476562500e+00, 5.750756263732910156e+00, 3.279999971389770508e+00, 5.034999847412109375e+00, 9.662944674491882324e-01, 2.576024830341339111e-01, -4.000000000000000000e+00, 2.000000000000000000e+00
2.631796598434448242e+00, 5.736032009124755859e+00, 3.279999971389770508e+00, 5.030000209808349609e+00, 9.589186906814575195e-01, 2.409893572330474854e-01, -1.300000000000000000e+01, 2.000000000000000000e+00
2.628934621810913086e+00, 5.721307277679443359e+00, 3.279999971389770508e+00, 5.025000095367431641e+00, 9.550130963325500488e-01, 2.584123313426971436e-01, -1.200000000000000000e+01, 2.000000000000000000e+00
2.616498947143554688e+00, 5.712919712066650391e+00, 3.279999971389770508e+00, 5.019999980926513672e+00, 9.582927823066711426e-01, 2.761945128440856934e-01, -3.000000000000000000e+00, 2.000000000000000000e+00
2.613894224166870117e+00, 5.698147296905517578e+00, 3.279999971389770508e+00, 5.014999866485595703e+00, 9.546203613281250000e-01, 2.659887373447418213e-01, -1.300000000000000000e+01, 2.000000000000000000e+00
2.601758956909179688e+00, 5.689330577850341797e+00, 3.279999971389770508e+00, 5.010000228881835938e+00, 9.581362009048461914e-01, 2.558728456497192383e-01, -4.000000000000000000e+00, 2.000000000000000000e+00
2.599412441253662109e+00, 5.674515247344970703e+00, 3.279999971389770508e+00, 5.005000114440917969e+00, 9.546989202499389648e-01, 2.735767960548400879e-01, -1.200000000000000000e+01, 2.000000000000000000e+00
2.587432861328125000e+00, 5.665488243103027344e+00, 3.279999971389770508e+00, 5.000000000000000000e+00, 9.618991613388061523e-01, 2.573242485523223877e-01, -4.000000000000000000e+00, 2.000000000000000000e+00
2.585604906082153320e+00, 5.650599956512451172e+00, 3.279999971389770508e+00, 4.994999885559082031e+00, 9.550130963325500488e-01, 2.415876686573028564e-01, -1.300000000000000000e+01, 2.000000000000000000e+00
2.573784828186035156e+00, 5.641365051269531250e+00, 3.279999971389770508e+00, 4.989999771118164062e+00, 9.626006484031677246e-01, 2.646143734455108643e-01, -3.000000000000000000e+00, 2.000000000000000000e+00
2.572216749191284180e+00, 5.626447200775146484e+00, 3.279999971389770508e+00, 4.985000133514404297e+00, 9.558765888214111328e-01, 2.491176128387451172e-01, -1.300000000000000000e+01, 2.000000000000000000e+00
2.560559749603271484e+00, 5.617007255554199219e+00, 3.279999971389770508e+00, 4.980000019073486328e+00, 9.600130319595336914e-01, 2.663749158382415771e-01, -3.000000000000000000e+00, 2.000000000000000000e+00
2.559252262115478516e+00, 5.602064609527587891e+00, 3.279999971389770508e+00, 4.974999904632568359e+00, 9.572094678878784180e-01, 2.565665245056152344e-01, -1.300000000000000000e+01, 2.000000000000000000e+00
2.547761678695678711e+00, 5.592422485351562500e+00, 3.279999971389770508e+00, 4.969999790191650391e+00, 9.615742564201354980e-01, 2.736421227455139160e-01, -3.000000000000000000e+00, 2.000000000000000000e+00
2.546715259552001953e+00, 5.577459335327148438e+00, 3.279999971389770508e+00, 4.965000152587890625e+00, 9.551570415496826172e-01, 2.586009502410888672e-01, -1.300000000000000000e+01, 2.000000000000000000e+00
2.535568237304687500e+00, 5.567422389984130859e+00, 3.279999971389770508e+00, 4.960000038146972656e+00, 9.597135186195373535e-01, 2.477950155735015869e-01, -4.000000000000000000e+00, 2.000000000000000000e+00
2.534783124923706055e+00, 5.552442550659179688e+00, 3.279999971389770508e+00, 4.954999923706054688e+00, 9.573531150817871094e-01, 2.659405469894409180e-01, -1.200000000000000000e+01, 2.000000000000000000e+00
2.523812770843505859e+00, 5.542212963104248047e+00, 3.279999971389770508e+00, 4.949999809265136719e+00, 9.621330499649047852e-01, 2.549234926700592041e-01, -4.000000000000000000e+00, 2.000000000000000000e+00
2.523289203643798828e+00, 5.527221679687500000e+00, 3.279999971389770508e+00, 4.945000171661376953e+00, 9.560334682464599609e-01, 2.680736482143402100e-01, -1.200000000000000000e+01, 2.000000000000000000e+00
2.512499094009399414e+00, 5.516801834106445312e+00, 3.279999971389770508e+00, 4.940000057220458984e+00, 9.610020518302917480e-01, 2.569262385368347168e-01, -4.000000000000000000e+00, 2.000000000000000000e+00
2.512499094009399414e+00, 5.501801967620849609e+00, 3.279999971389770508e+00, 4.934999942779541016e+00, 9.550523757934570312e-01, 2.425010055303573608e-01, -1.300000000000000000e+01, 2.000000000000000000e+00
2.501892566680908203e+00, 5.491195201873779297e+00, 3.279999971389770508e+00, 4.929999828338623047e+00, 9.602082967758178711e-01, 2.589886486530303955e-01, -3.000000000000000000e+00, 2.000000000000000000e+00
2.502154350280761719e+00, 5.476197719573974609e+00, 3.279999971389770508e+00, 4.925000190734863281e+00, 9.544107913970947266e-01, 2.447571307420730591e-01, -1.300000000000000000e+01, 2.000000000000000000e+00
2.491734504699707031e+00, 5.465407848358154297e+00, 3.279999971389770508e+00, 4.920000076293945312e+00, 9.597525596618652344e-01, 2.610899507999420166e-01, -3.000000000000000000e+00, 2.000000000000000000e+00
2.492258071899414062e+00, 5.450416564941406250e+00, 3.279999971389770508e+00, 4.914999961853027344e+00, 9.541095495223999023e-01, 2.470429390668869019e-01, -1.300000000000000000e+01, 2.000000000000000000e+00
2.482028007507324219e+00, 5.439446449279785156e+00, 3.279999971389770508e+00, 4.909999847412109375e+00, 9.568829536437988281e-01, 2.701419889926910400e-01, -3.000000000000000000e+00, 2.000000000000000000e+00
2.471991062164306641e+00, 5.428299427032470703e+00, 3.279999971389770508e+00, 4.905000209808349609e+00, 9.625486731529235840e-01, 2.583483159542083740e-01, -4.000000000000000000e+00, 2.000000000000000000e+00
2.473037481307983398e+00, 5.413335800170898438e+00, 3.279999971389770508e+00, 4.900000095367431641e+00, 9.571833610534667969e-01, 2.445629388093948364e-01, -1.300000000000000000e+01, 2.000000000000000000e+00
2.463196516036987305e+00, 5.402015209197998047e+00, 3.279999971389770508e+00, 4.894999980926513672e+00, 9.630290865898132324e-01, 2.603613734245300293e-01, -3.000000000000000000e+00, 2.000000000000000000e+00
2.464503765106201172e+00, 5.387072086334228516e+00, 3.279999971389770508e+00, 4.889999866485595703e+00, 9.578230381011962891e-01, 2.467322498559951782e-01, -1.300000000000000000e+01, 2.000000000000000000e+00
2.454862117767333984e+00, 5.375581741333007812e+00, 3.279999971389770508e+00, 4.885000228881835938e+00, 9.638464450836181641e-01, 2.623343169689178467e-01, -3.000000000000000000e+00, 2.000000000000000000e+00
2.456429958343505859e+00, 5.360663890838623047e+00, 3.279999971389770508e+00, 4.880000114440917969e+00, 9.544762969017028809e-01, 2.446771413087844849e-01, -1.300000000000000000e+01, 2.000000000000000000e+00
2.446990251541137695e+00, 5.349006652832031250e+00, 3.279999971389770508e+00, 4.875000000000000000e+00, 9.581884145736694336e-01, 2.673877775669097900e-01, -3.000000000000000000e+00, 2.000000000000000000e+00
2.448818206787109375e+00, 5.334118366241455078e+00, 3.279999971389770508e+00, 4.869999885559082031e+00, 9.533231258392333984e-01, 2.541586160659790039e-01, -1.300000000000000000e+01, 2.000000000000000000e+00
2.439583301544189453e+00, 5.322298049926757812e+00, 3.279999971389770508e+00, 4.864999771118164062e+00, 9.597135186195373535e-01, 2.694234549999237061e-01, -3.000000000000000000e+00, 2.000000000000000000e+00
2.430556058883666992e+00, 5.310318470001220703e+00, 3.279999971389770508e+00, 4.860000133514404297e+00, 9.617692232131958008e-01, 2.528535723686218262e-01, -4.000000000000000000e+00, 2.000000000000000000e+00
2.432902574539184570e+00, 5.295503139495849609e+00, 3.279999971389770508e+00, 4.855000019073486328e+00, 9.571311473846435547e-01, 2.397719323635101318e-01, -1.300000000000000000e+01, 2.000000000000000000e+00
2.424085855484008789e+00, 5.283368110656738281e+00, 3.279999971389770508e+00, 4.849999904632568359e+00, 9.615092277526855469e-01, 2.620819211006164551e-01, -3.000000000000000000e+00, 2.000000000000000000e+00
2.426690578460693359e+00, 5.268596172332763672e+00, 3.279999971389770508e+00, 4.844999790191650391e+00, 9.525885581970214844e-01, 2.455120384693145752e-01, -1.300000000000000000e+01, 2.000000000000000000e+00
2.418086767196655273e+00, 5.256308555603027344e+00, 3.279999971389770508e+00, 4.840000152587890625e+00, 9.594008326530456543e-01, 2.602711617946624756e-01, -3.000000000000000000e+00, 2.000000000000000000e+00
2.409698963165283203e+00, 5.243873119354248047e+00, 3.279999971389770508e+00, 4.835000038146972656e+00, 9.641835689544677734e-01, 2.545167803764343262e-01, -4.000000000000000000e+00, 2.000000000000000000e+00
2.412561178207397461e+00, 5.229148864746093750e+00, 3.279999971389770508e+00, 4.829999923706054688e+00, 9.554710984230041504e-01, 2.661349773406982422e-01, -1.200000000000000000e+01, 2.000000000000000000e+00
2.404391527175903320e+00, 5.216568470001220703e+00, 3.279999971389770508e+00, 4.824999809265136719e+00, 9.625486731529235840e-01, 2.527208328247070312e-01, -4.000000000000000000e+00, 2.000000000000000000e+00
2.407510280609130859e+00, 5.201896667480468750e+00, 3.279999971389770508e+00, 4.820000171661376953e+00, 9.539523124694824219e-01, 2.645939588546752930e-01, -1.200000000000000000e+01, 2.000000000000000000e+00
2.399561405181884766e+00, 5.189175605773925781e+00, 3.279999971389770508e+00, 4.815000057220458984e+00, 9.592314362525939941e-01, 2.586448490619659424e-01, -4.000000000000000000e+00, 2.000000000000000000e+00
